0.475528 -0.345492 -0.809017
0.475341 -0.345004 -0.809335
0.474791 -0.343569 -0.810268
0.473891 -0.34123 -0.811782
0.472653 -0.338028 -0.813841
0.471088 -0.334003 -0.816405
0.469207 -0.329196 -0.819436
0.467017 -0.323645 -0.82289
0.464529 -0.317391 -0.826726
0.461751 -0.310471 -0.830899
0.458692 -0.302927 -0.835366
0.45536 -0.294798 -0.840084
0.451765 -0.286124 -0.84501
0.447917 -0.276946 -0.850101
0.443827 -0.267307 -0.855316
0.439507 -0.257248 -0.860614
0.43497 -0.246815 -0.865958
0.430229 -0.23605 -0.871311
0.4253 -0.225 -0.876639
0.420198 -0.21371 -0.881908
0.414943 -0.202229 -0.887088
0.409553 -0.190602 -0.892153
0.404048 -0.17888 -0.897077
0.39845 -0.167112 -0.901838
0.392782 -0.155346 -0.906416
0.387068 -0.143635 -0.910795
0.381333 -0.132027 -0.914961
0.375604 -0.120575 -0.918903
0.369908 -0.10933 -0.922613
0.364273 -0.0983423 -0.926085
0.358729 -0.0876639 -0.929316
0.353306 -0.0773459 -0.932305
0.348033 -0.0674393 -0.935053
0.342943 -0.0579953 -0.937564
0.338066 -0.0490643 -0.939842
0.333435 -0.0406969 -0.941894
0.329081 -0.0329431 -0.943727
0.325036 -0.0258527 -0.945348
0.321331 -0.0194754 -0.946767
0.317999 -0.0138603 -0.94799
0.315071 -0.00905646 -0.949025
0.312578 -0.00511271 -0.949878
0.310549 -0.00207771 -0.950555
0.309014 0 -0.951057
0.309014 0 -0.951057
0.306926 0.00232014 -0.951731
0.303827 0.00537173 -0.952712
0.299764 0.0091178 -0.95397
0.294779 0.0135213 -0.95547
0.288916 0.0185449 -0.957175
0.28222 0.0241512 -0.959046
0.274732 0.0303023 -0.961043
0.266497 0.0369604 -0.963127
0.257559 0.0440868 -0.965256
0.247963 0.051643 -0.967392
0.237755 0.0595899 -0.969496
0.22698 0.0678879 -0.97153
0.215688 0.0764976 -0.973461
0.203926 0.085379 -0.975256
0.191746 0.094492 -0.976885
0.179197 0.103797 -0.978322
0.166333 0.113252 -0.979544
0.153207 0.12282 -0.980532
0.139874 0.132459 -0.98127
0.126388 0.14213 -0.981746
0.112806 0.151794 -0.981954
0.0991844 0.161413 -0.98189
0.0855808 0.170949 -0.981556
0.0720525 0.180364 -0.980957
0.0586574 0.189624 -0.980103
0.0454532 0.198691 -0.979008
0.0324977 0.207532 -0.977688
0.0198485 0.216114 -0.976166
0.0075627 0.224405 -0.974467
-0.00430292 0.232372 -0.972617
-0.0156921 0.239987 -0.970649
-0.0265492 0.24722 -0.968596
-0.0368191 0.254043 -0.966492
-0.0464474 0.260427 -0.964376
-0.0553802 0.266348 -0.962285
-0.0635643 0.271778 -0.960258
-0.0709469 0.276692 -0.958336
-0.0774756 0.281064 -0.956557
-0.0830984 0.284869 -0.954958
-0.0877633 0.288081 -0.953576
-0.0914186 0.290673 -0.952445
-0.0940122 0.292619 -0.951597
-0.0954919 0.29389 -0.951057
-0.0954919 0.29389 -0.951057
-0.0982143 0.300177 -0.948814
-0.0994677 0.311757 -0.944941
-0.0992819 0.328304 -0.93934
-0.0976834 0.349459 -0.931846
-0.0946978 0.374838 -0.922241
-0.0903512 0.404022 -0.910276
-0.0846733 0.436564 -0.89568
-0.0776993 0.47198 -0.878179
-0.0694726 0.509756 -0.85751
-0.0600465 0.549347 -0.833434
-0.0494862 0.590184 -0.80575
-0.0378699 0.631677 -0.774306
-0.0252892 0.673222 -0.739008
-0.0118499 0.714213 -0.699828
0.00232923 0.754051 -0.656812
0.0171173 0.792154 -0.610081
0.0323732 0.827973 -0.559833
0.0479476 0.861 -0.50634
0.0636861 0.89078 -0.449949
0.0794321 0.916928 -0.391067
0.0950303 0.939129 -0.33016
0.11033 0.957154 -0.267737
0.125188 0.970862 -0.20434
0.139474 0.980203 -0.140532
0.153069 0.98522 -0.076883
0.165873 0.986048 -0.013955
0.177803 0.982909 0.0477083
0.188797 0.976104 0.107594
0.198811 0.966009 0.165229
0.207825 0.953061 0.220189
0.215835 0.937751 0.272101
0.222858 0.920608 0.320649
0.228925 0.902191 0.365575
0.234083 0.883076 0.406672
0.23839 0.863844 0.443784
0.241911 0.84507 0.476798
0.244716 0.827314 0.505634
0.246875 0.811112 0.530236
0.248455 0.796967 0.550557
0.249518 0.785341 0.566551
0.25011 0.776647 0.578155
0.250266 0.771243 0.585278
0.249998 0.769421 0.587786
0.249998 0.769421 0.587786
0.248281 0.771384 0.585939
0.244146 0.777013 0.58021
0.237675 0.786012 0.570698
0.228933 0.798016 0.557459
0.217972 0.812605 0.540519
0.204842 0.829312 0.519887
0.189591 0.847626 0.495567
0.172275 0.867005 0.467571
0.152966 0.886885 0.435931
0.131748 0.906684 0.400708
0.108731 0.925815 0.362
0.0840458 0.943699 0.319952
0.0578493 0.959772 0.274757
0.0303243 0.973501 0.226662
0.0016787 0.984395 0.175967
-0.0278572 0.992013 0.123023
-0.0580333 0.995981 0.0682271
-0.0885848 0.995996 0.01202
-0.119237 0.99184 -0.0451265
-0.14971 0.98338 -0.102717
-0.179727 0.970577 -0.160245
-0.209021 0.953485 -0.217203
-0.23734 0.93225 -0.273094
-0.26445 0.907108 -0.327447
-0.290149 0.878378 -0.379824
-0.314262 0.846454 -0.429832
-0.336652 0.811796 -0.47713
-0.357216 0.774919 -0.521437
-0.375894 0.73638 -0.562538
-0.392661 0.696766 -0.600279
-0.40753 0.656684 -0.634575
-0.42055 0.616746 -0.665404
-0.4318 0.577563 -0.692799
-0.441386 0.53973 -0.716847
-0.449434 0.503827 -0.737677
-0.456088 0.470402 -0.755451
-0.461497 0.439978 -0.77035
-0.465815 0.413044 -0.782567
-0.469187 0.390054 -0.792289
-0.471747 0.371432 -0.799683
-0.473608 0.357566 -0.804887
-0.474852 0.348812 -0.807989
-0.475527 0.345493 -0.809017
-0.475527 0.345493 -0.809017
-0.477283 0.348311 -0.806772
-0.481298 0.357944 -0.800142
-0.487315 0.373955 -0.789102
-0.494992 0.395834 -0.773497
-0.503916 0.423003 -0.753085
-0.513611 0.454806 -0.727568
-0.523553 0.490512 -0.696628
-0.533176 0.529311 -0.659964
-0.541893 0.570317 -0.617325
-0.549103 0.612573 -0.568542
-0.554212 0.655064 -0.513557
-0.55665 0.696733 -0.452443
-0.555888 0.7365 -0.38543
-0.55146 0.773292 -0.312908
-0.542977 0.806068 -0.235437
-0.530146 0.833853 -0.153737
-0.51278 0.855768 -0.0686822
-0.490814 0.871063 0.0187266
-0.464304 0.879142 0.107386
-0.433434 0.879585 0.196125
-0.398507 0.87217 0.283745
-0.359939 0.856878 0.369059
-0.318242 0.833895 0.450933
-0.274012 0.803608 0.52833
-0.227901 0.766587 0.600338
-0.1806 0.723567 0.666209
-0.132813 0.67542 0.725375
-0.0852329 0.623124 0.777465
-0.038523 0.567727 0.822315
0.00670326 0.510317 0.85996
0.0498967 0.451989 0.890627
0.0905831 0.393811 0.914717
0.128369 0.336805 0.932783
0.162944 0.281925 0.945499
0.194076 0.230042 0.953633
0.221605 0.181938 0.958014
0.245432 0.138307 0.959497
0.265507 0.0997566 0.958934
0.281809 0.0668202 0.957141
0.294333 0.0399676 0.954867
0.303069 0.0196217 0.952767
0.307986 0.00617421 0.951371
0.309014 -7.56865e-17 0.951057
0.309014 -7.56865e-17 0.951057
0.306168 -0.00329934 0.951972
0.29902 -0.0098623 0.954196
0.287734 -0.0195238 0.957511
0.272456 -0.0321154 0.961632
0.253323 -0.047462 0.966217
0.230474 -0.0653787 0.97088
0.204054 -0.0856676 0.975204
0.174223 -0.108115 0.978753
0.141167 -0.132489 0.98108
0.105096 -0.158541 0.981743
0.0662554 -0.185999 0.980314
0.0249236 -0.214576 0.976389
-0.018585 -0.243968 0.969605
-0.0639216 -0.273859 0.959643
-0.110706 -0.303922 0.946243
-0.15853 -0.333828 0.929208
-0.206967 -0.36325 0.908413
-0.255573 -0.39187 0.88381
-0.303902 -0.419385 0.85543
-0.351512 -0.445514 0.823381
-0.397974 -0.470005 0.787853
-0.442884 -0.49264 0.749106
-0.485868 -0.51324 0.707472
-0.526597 -0.531672 0.663341
-0.564786 -0.547845 0.617157
-0.600208 -0.56172 0.569404
-0.632691 -0.573305 0.520599
-0.662126 -0.582656 0.471276
-0.688464 -0.589873 0.42198
-0.711714 -0.5951 0.373255
-0.731944 -0.598516 0.325633
-0.749271 -0.600334 0.27963
-0.763858 -0.60079 0.235737
-0.775906 -0.600143 0.194415
-0.785644 -0.598663 0.156096
-0.793318 -0.596626 0.121179
-0.799185 -0.594305 0.0900319
-0.803497 -0.591966 0.062996
-0.806495 -0.589859 0.0403877
-0.808394 -0.588212 0.0225042
-0.809371 -0.587219 0.00962929
-0.809555 -0.587041 0.00203763
-0.809015 -0.587789 6.12323e-17
-0.809015 -0.587789 6.12323e-17
-0.808099 -0.589045 0.00140633
-0.806215 -0.591603 0.00478231
-0.803384 -0.595376 0.0100328
-0.799615 -0.600271 0.0170623
-0.794905 -0.606186 0.0257741
-0.789249 -0.613013 0.0360706
-0.782634 -0.62064 0.0478524
-0.775046 -0.628952 0.0610178
-0.766472 -0.637829 0.0754633
-0.756901 -0.647152 0.0910825
-0.746323 -0.656802 0.107767
-0.734737 -0.66666 0.125404
-0.722146 -0.676612 0.143882
-0.708562 -0.686545 0.163083
-0.694006 -0.696352 0.182891
-0.678509 -0.705932 0.203188
-0.662112 -0.715191 0.223853
-0.644864 -0.724043 0.244769
-0.626829 -0.732411 0.265819
-0.608079 -0.740228 0.286885
-0.588696 -0.747437 0.307856
-0.568773 -0.753992 0.328623
-0.548412 -0.75986 0.349081
-0.527723 -0.765017 0.36913
-0.506825 -0.769453 0.388677
-0.485842 -0.773169 0.407636
-0.464905 -0.776177 0.425925
-0.444149 -0.7785 0.443474
-0.423712 -0.780172 0.460216
-0.403737 -0.781237 0.476094
-0.384366 -0.781745 0.491058
-0.365743 -0.781756 0.505065
-0.348012 -0.781335 0.518076
-0.331315 -0.780555 0.530061
-0.315793 -0.779488 0.540993
-0.301585 -0.778211 0.550849
-0.288829 -0.7768 0.559606
-0.277657 -0.775332 0.567246
-0.268199 -0.773877 0.573745
-0.260584 -0.772503 0.579081
-0.254934 -0.771271 0.583224
-0.251369 -0.77023 0.58614
-0.250003 -0.76942 0.587786
-0.250003 -0.76942 0.587786
-0.25096 -0.767899 0.589365
-0.25428 -0.764953 0.591767
-0.259842 -0.760621 0.594927
-0.267518 -0.754924 0.598768
-0.277175 -0.747876 0.603204
-0.288677 -0.739481 0.608139
-0.301882 -0.729737 0.613475
-0.316643 -0.718642 0.619105
-0.33281 -0.706192 0.624925
-0.350229 -0.692388 0.630824
-0.368743 -0.677234 0.636697
-0.388194 -0.660743 0.642436
-0.40842 -0.642935 0.647941
-0.429259 -0.623841 0.653115
-0.450551 -0.603503 0.657866
-0.472136 -0.581974 0.662113
-0.493857 -0.559322 0.665781
-0.515562 -0.535624 0.668807
-0.537105 -0.510973 0.671138
-0.558344 -0.485471 0.672733
-0.57915 -0.459236 0.673564
-0.599399 -0.432392 0.673615
-0.618982 -0.405076 0.672885
-0.637799 -0.377431 0.671385
-0.655764 -0.349609 0.669139
-0.672804 -0.321768 0.666184
-0.688858 -0.294068 0.662569
-0.703882 -0.266674 0.658357
-0.717845 -0.239751 0.653619
-0.730727 -0.213466 0.648438
-0.742523 -0.187981 0.642902
-0.753239 -0.163461 0.637111
-0.762894 -0.140063 0.631169
-0.771513 -0.117944 0.625185
-0.779132 -0.0972543 0.61927
-0.785789 -0.0781414 0.613539
-0.791528 -0.0607478 0.608106
-0.796396 -0.0452116 0.603083
-0.800436 -0.0316675 0.598581
-0.803689 -0.0202464 0.594705
-0.806189 -0.011077 0.591554
-0.807961 -0.00428573 0.589221
-0.809017 2.1468e-06 0.587786
-0.809017 2.1468e-06 0.587786
-0.809645 0.0027934 0.586914
-0.810609 0.00726404 0.585543
-0.811873 0.0133297 0.583683
-0.813392 0.0209057 0.58134
-0.815121 0.0299068 0.578518
-0.817009 0.0402471 0.575218
-0.819003 0.0518395 0.571442
-0.82105 0.0645961 0.56719
-0.823096 0.0784277 0.562461
-0.825087 0.093244 0.557258
-0.826973 0.108953 0.551584
-0.828703 0.125463 0.545444
-0.830233 0.142679 0.538847
-0.831518 0.160506 0.531804
-0.832522 0.17885 0.524329
-0.83321 0.197614 0.51644
-0.833554 0.216702 0.508161
-0.833533 0.236021 0.499516
-0.83313 0.255473 0.490538
-0.832336 0.274967 0.481259
-0.831146 0.29441 0.471719
-0.829565 0.313711 0.461959
-0.827603 0.332784 0.452027
-0.825275 0.351544 0.441971
-0.822604 0.369908 0.431845
-0.819621 0.387797 0.421705
-0.816359 0.405138 0.411608
-0.812859 0.421857 0.401618
-0.809167 0.437888 0.391795
-0.805332 0.453167 0.382205
-0.801408 0.467632 0.372914
-0.797453 0.481228 0.363989
-0.793527 0.493899 0.355498
-0.789692 0.505594 0.347507
-0.786011 0.516265 0.340085
-0.782547 0.525863 0.333299
-0.779364 0.534343 0.327215
-0.776524 0.541657 0.321899
-0.774086 0.547758 0.317415
-0.772107 0.552598 0.313825
-0.770639 0.556126 0.31119
-0.76973 0.558286 0.309569
-0.769419 0.55902 0.309017
