0.303312 3.71451e-16 0.952891
-0.339374 0.573648 0.745488
-0.212957 -0.61715 0.75748
0.645127 0.170112 0.744898
-0.525728 0.467432 0.710716
-0.0957853 -0.737988 0.667981
0.698841 0.357336 0.619623
-0.726349 0.392338 0.564347
0.0943321 -0.860119 0.501296
0.680743 0.59228 0.431037
-0.906546 0.227683 0.355437
0.34024 -0.898518 0.277314
0.559938 0.804201 0.199322
-0.992162 0.027267 0.121948
0.497458 -0.86648 0.0418118
0.497458 0.86648 -0.0418118
-0.992162 -0.027267 -0.121948
0.559938 -0.804201 -0.199322
0.34024 0.898518 -0.277314
-0.906546 -0.227683 -0.355437
0.680743 -0.59228 -0.431037
0.0943321 0.860119 -0.501296
-0.726349 -0.392338 -0.564347
0.698841 -0.357336 -0.619623
-0.0957853 0.737988 -0.667981
-0.525728 -0.467432 -0.710716
0.645127 -0.170112 -0.744898
-0.212957 0.61715 -0.75748
-0.339374 -0.573648 -0.745488
0.303312 -3.71451e-16 -0.952891
