0.303312 3.71451e-16 0.952891
-0.181545 0.267757 0.946228
-0.128206 -0.321777 0.938095
0.363759 0.0800696 0.928045
-0.292148 0.276735 0.91546
-0.070697 -0.43124 0.899463
0.433087 0.200368 0.878799
-0.449085 0.270205 0.851652
0.031345 -0.578114 0.815354
0.511748 0.389021 0.766014
-0.678527 0.228623 0.698092
0.213168 -0.767765 0.604232
0.569245 0.670166 0.476275
-0.945461 0.102827 0.30908
0.465682 -0.878374 0.107701
0.465682 0.878374 -0.107701
-0.945461 -0.102827 -0.30908
0.569245 -0.670166 -0.476275
0.213168 0.767765 -0.604232
-0.678527 -0.228623 -0.698092
0.511748 -0.389021 -0.766014
0.031345 0.578114 -0.815354
-0.449085 -0.270205 -0.851652
0.433087 -0.200368 -0.878799
-0.070697 0.43124 -0.899463
-0.292148 -0.276735 -0.91546
0.363759 -0.0800696 -0.928045
-0.128206 0.321777 -0.938095
-0.181545 -0.267757 -0.946228
0.303312 -3.71451e-16 -0.952891
