0.303312 3.71451e-16 0.952891
0.302843 0.000510914 0.95304
0.301456 0.00200975 0.953478
0.29918 0.00444566 0.954186
0.296042 0.00776772 0.955143
0.292069 0.0119249 0.956323
0.287287 0.0168661 0.957696
0.28172 0.0225399 0.959232
0.275394 0.0288946 0.960897
0.268334 0.0358781 0.962658
0.260565 0.043438 0.964479
0.252112 0.0515216 0.966326
0.243002 0.0600756 0.968164
0.233263 0.0690462 0.969959
0.222922 0.0783795 0.97168
0.212007 0.088021 0.973296
0.20055 0.0979159 0.974778
0.188581 0.108009 0.9761
0.176133 0.118246 0.977238
0.163239 0.128571 0.978173
0.149934 0.138929 0.978886
0.136253 0.149265 0.979365
0.122233 0.159525 0.979597
0.107912 0.169653 0.979578
0.0933268 0.179597 0.979303
0.0785172 0.189302 0.978775
0.0635223 0.198717 0.977996
0.0483818 0.207789 0.976976
0.0331357 0.216468 0.975727
0.0178241 0.224704 0.974264
0.00248692 0.232447 0.972606
-0.0128359 0.239651 0.970774
-0.0281047 0.246267 0.968794
-0.0432801 0.25225 0.966694
-0.0583234 0.257556 0.964502
-0.073196 0.262139 0.96225
-0.0878599 0.265957 0.959973
-0.102278 0.268968 0.957703
-0.116412 0.271129 0.955478
-0.130226 0.2724 0.953331
-0.143683 0.272738 0.951299
-0.156746 0.272105 0.949415
-0.169379 0.270458 0.947715
-0.181545 0.267757 0.946228
-0.181545 0.267757 0.946228
-0.193989 0.263682 0.944902
-0.205791 0.258437 0.943854
-0.216949 0.252072 0.943076
-0.22746 0.244641 0.942556
-0.237322 0.236195 0.942279
-0.246532 0.226782 0.942227
-0.255086 0.216454 0.942379
-0.262981 0.205259 0.942714
-0.270215 0.193248 0.943207
-0.276784 0.18047 0.943833
-0.282684 0.166975 0.944568
-0.287912 0.152812 0.945386
-0.292465 0.138034 0.946261
-0.29634 0.122692 0.947169
-0.299535 0.106837 0.948085
-0.302048 0.0905233 0.948985
-0.303877 0.0738031 0.949848
-0.305022 0.0567309 0.950654
-0.305483 0.0393616 0.951384
-0.30526 0.0217504 0.952021
-0.304356 0.00395322 0.95255
-0.302773 -0.0139736 0.95296
-0.300515 -0.0319736 0.953241
-0.297587 -0.0499899 0.953385
-0.293996 -0.0679655 0.953387
-0.289747 -0.0858436 0.953246
-0.284849 -0.103567 0.952961
-0.279311 -0.121081 0.952536
-0.273144 -0.138327 0.951976
-0.266358 -0.15525 0.951289
-0.258965 -0.171796 0.950486
-0.250978 -0.187909 0.949579
-0.24241 -0.203537 0.948583
-0.233276 -0.218625 0.947515
-0.223591 -0.233122 0.946394
-0.21337 -0.246976 0.945238
-0.202629 -0.260137 0.944071
-0.191385 -0.272554 0.942914
-0.179654 -0.284178 0.941789
-0.167452 -0.294961 0.940722
-0.154799 -0.304853 0.939735
-0.141711 -0.313808 0.938852
-0.128206 -0.321777 0.938095
-0.128206 -0.321777 0.938095
-0.11327 -0.329197 0.937443
-0.09798 -0.335425 0.936958
-0.0823763 -0.340486 0.936634
-0.0664991 -0.344407 0.936462
-0.0503881 -0.347214 0.936431
-0.0340821 -0.348932 0.936528
-0.0176199 -0.349587 0.936738
-0.00103981 -0.349203 0.937046
0.0156197 -0.347808 0.937436
0.0323204 -0.345427 0.937889
0.0490237 -0.342086 0.938389
0.0656914 -0.337813 0.938918
0.0822847 -0.332634 0.939459
0.0987652 -0.326577 0.939996
0.115094 -0.31967 0.940513
0.131233 -0.311944 0.940994
0.147142 -0.303427 0.941425
0.162784 -0.294151 0.941794
0.17812 -0.284147 0.94209
0.193112 -0.273447 0.942303
0.207722 -0.262086 0.942424
0.221912 -0.250097 0.942447
0.235645 -0.237514 0.942369
0.248885 -0.224375 0.942185
0.261595 -0.210714 0.941896
0.273741 -0.19657 0.941502
0.285289 -0.18198 0.941007
0.296204 -0.166982 0.940415
0.306453 -0.151615 0.939734
0.316005 -0.135918 0.938971
0.324829 -0.119931 0.938138
0.332894 -0.103692 0.937246
0.340172 -0.0872423 0.936308
0.346633 -0.0706214 0.935339
0.352251 -0.0538692 0.934354
0.356998 -0.0370258 0.933371
0.360849 -0.0201312 0.932407
0.363779 -0.00322539 0.93148
0.365762 0.0136516 0.930608
0.366775 0.0304597 0.929811
0.366795 0.047159 0.929106
0.365797 0.0637091 0.928512
0.363759 0.0800696 0.928045
0.363759 0.0800696 0.928045
0.36038 0.0974694 0.927699
0.355819 0.114508 0.927513
0.350119 0.131164 0.927477
0.343321 0.147413 0.927577
0.335469 0.163235 0.927801
0.326605 0.178607 0.928132
0.31677 0.193508 0.928553
0.306006 0.207918 0.929048
0.294357 0.221816 0.929598
0.281864 0.23518 0.930184
0.268572 0.247991 0.93079
0.254523 0.260229 0.931396
0.239763 0.271874 0.931986
0.224337 0.282905 0.932543
0.208291 0.293306 0.933052
0.19167 0.303056 0.933499
0.174523 0.312139 0.933869
0.156897 0.320537 0.934152
0.138842 0.328233 0.934337
0.120406 0.335212 0.934417
0.10164 0.34146 0.934385
0.0825934 0.346962 0.934236
0.0633174 0.351705 0.933967
0.0438632 0.355679 0.933578
0.0242821 0.358871 0.933071
0.00462547 0.361273 0.932449
-0.0150551 0.362876 0.931716
-0.034708 0.363673 0.93088
-0.0542822 0.363657 0.92995
-0.0737264 0.362822 0.928937
-0.09299 0.361166 0.927854
-0.112022 0.358683 0.926713
-0.130774 0.355372 0.925532
-0.149195 0.351232 0.924325
-0.167236 0.346261 0.923112
-0.184849 0.34046 0.92191
-0.201985 0.33383 0.920739
-0.218598 0.326371 0.919618
-0.234639 0.318086 0.918567
-0.250061 0.308977 0.917607
-0.264818 0.299046 0.916757
-0.278862 0.288298 0.916035
-0.292148 0.276735 0.91546
-0.292148 0.276735 0.91546
-0.30566 0.263281 0.915017
-0.318163 0.248981 0.914757
-0.32966 0.233889 0.914669
-0.340154 0.218055 0.914739
-0.349647 0.201529 0.91495
-0.358143 0.184363 0.915284
-0.365645 0.166605 0.915722
-0.372157 0.148307 0.916245
-0.377684 0.129518 0.916831
-0.382231 0.110288 0.917462
-0.385802 0.0906696 0.918115
-0.388404 0.070713 0.918772
-0.390044 0.0504702 0.919412
-0.39073 0.0299934 0.920016
-0.39047 0.00933514 0.920568
-0.389274 -0.0114515 0.921051
-0.387152 -0.0323132 0.92145
-0.384117 -0.0531963 0.921751
-0.380181 -0.0740469 0.921943
-0.37536 -0.0948111 0.922017
-0.369668 -0.115435 0.921965
-0.363124 -0.135864 0.921782
-0.355745 -0.156046 0.921464
-0.347551 -0.175927 0.921009
-0.338562 -0.195454 0.92042
-0.328802 -0.214575 0.919699
-0.318293 -0.233239 0.918852
-0.307059 -0.251394 0.917886
-0.295127 -0.268992 0.916812
-0.282522 -0.285982 0.915639
-0.269272 -0.302318 0.914383
-0.255404 -0.317953 0.913058
-0.240948 -0.33284 0.911681
-0.225933 -0.346935 0.910269
-0.210388 -0.360195 0.908844
-0.194345 -0.372576 0.907424
-0.177833 -0.384037 0.906031
-0.160884 -0.394536 0.904686
-0.143529 -0.404035 0.903413
-0.125801 -0.412494 0.902232
-0.107731 -0.419873 0.901166
-0.0893517 -0.426134 0.900237
-0.070697 -0.43124 0.899463
-0.070697 -0.43124 0.899463
-0.0500551 -0.435463 0.898814
-0.0292729 -0.438271 0.898366
-0.00839688 -0.439696 0.898107
0.0125274 -0.439769 0.898024
0.0334553 -0.438521 0.898098
0.0543426 -0.435983 0.898312
0.0751456 -0.432188 0.898647
0.0958208 -0.427167 0.899081
0.116325 -0.420953 0.899593
0.136614 -0.413578 0.900161
0.156646 -0.405078 0.900763
0.176378 -0.395486 0.901378
0.195766 -0.384839 0.901984
0.214767 -0.373173 0.902561
0.23334 -0.360527 0.903091
0.251441 -0.346941 0.903554
0.269029 -0.332455 0.903934
0.286062 -0.317111 0.904217
0.3025 -0.300954 0.90439
0.318302 -0.284028 0.90444
0.33343 -0.26638 0.90436
0.347844 -0.248056 0.904142
0.36151 -0.229106 0.903782
0.374389 -0.20958 0.903277
0.386449 -0.189528 0.902628
0.397655 -0.169002 0.901836
0.407977 -0.148055 0.900908
0.417384 -0.12674 0.899849
0.425848 -0.10511 0.898669
0.433342 -0.0832195 0.897379
0.43984 -0.0611227 0.895994
0.445321 -0.038874 0.894527
0.44976 -0.0165281 0.892996
0.453138 0.00586073 0.891421
0.455437 0.028238 0.88982
0.456637 0.0505495 0.888216
0.456724 0.0727411 0.88663
0.455681 0.0947591 0.885085
0.453496 0.11655 0.883605
0.450156 0.13806 0.882213
0.445648 0.159235 0.880933
0.439962 0.180022 0.879787
0.433087 0.200368 0.878799
0.433087 0.200368 0.878799
0.424159 0.222169 0.877912
0.413886 0.243226 0.877234
0.402323 0.263512 0.876754
0.389525 0.283002 0.876459
0.375546 0.301673 0.876332
0.360441 0.319502 0.876356
0.344264 0.336466 0.876512
0.327068 0.352544 0.876778
0.308908 0.367713 0.877133
0.289838 0.381955 0.877556
0.269915 0.395247 0.878023
0.249195 0.407573 0.878514
0.227735 0.418912 0.879005
0.205594 0.429247 0.879476
0.18283 0.438563 0.879907
0.159503 0.446844 0.880278
0.135676 0.454076 0.880572
0.111411 0.460246 0.880773
0.0867702 0.465343 0.880867
0.0618183 0.469359 0.880841
0.0366199 0.472285 0.880685
0.0112406 0.474116 0.88039
-0.014254 0.474849 0.879952
-0.0397976 0.474481 0.879366
-0.0653239 0.473013 0.878631
-0.0907667 0.470446 0.877748
-0.11606 0.466786 0.876722
-0.141137 0.462039 0.875557
-0.165934 0.456213 0.874263
-0.190385 0.449318 0.87285
-0.214427 0.441366 0.87133
-0.237997 0.432373 0.869719
-0.261032 0.422352 0.868033
-0.283472 0.411323 0.86629
-0.305255 0.399303 0.864509
-0.326325 0.386313 0.862713
-0.346623 0.372375 0.860924
-0.366091 0.357512 0.859164
-0.384675 0.341748 0.857458
-0.40232 0.325108 0.855829
-0.418972 0.307619 0.854302
-0.434578 0.289308 0.852902
-0.449085 0.270205 0.851652
-0.449085 0.270205 0.851652
-0.463826 0.248155 0.850461
-0.477074 0.225364 0.849477
-0.488834 0.201899 0.848692
-0.499114 0.177827 0.848094
-0.507922 0.153213 0.847668
-0.515267 0.128119 0.847399
-0.521159 0.102609 0.847269
-0.525608 0.0767451 0.847258
-0.528625 0.0505909 0.847346
-0.530223 0.0242083 0.847512
-0.530415 -0.00233994 0.847735
-0.529216 -0.0289911 0.847991
-0.526642 -0.0556823 0.848261
-0.522711 -0.0823501 0.848523
-0.517441 -0.108931 0.848757
-0.510855 -0.135362 0.848943
-0.502974 -0.161579 0.849064
-0.493826 -0.187518 0.849101
-0.483436 -0.213116 0.849041
-0.471834 -0.23831 0.84887
-0.459053 -0.263037 0.848577
-0.445125 -0.287234 0.848151
-0.430088 -0.310841 0.847586
-0.413979 -0.333798 0.846877
-0.39684 -0.356044 0.84602
-0.378713 -0.377523 0.845017
-0.359643 -0.398178 0.843867
-0.339676 -0.417954 0.842576
-0.318861 -0.436799 0.841151
-0.297248 -0.454661 0.8396
-0.274888 -0.471492 0.837933
-0.251835 -0.487244 0.836165
-0.228142 -0.501874 0.83431
-0.203866 -0.515338 0.832385
-0.179062 -0.527596 0.830409
-0.153788 -0.53861 0.828401
-0.128102 -0.548345 0.826382
-0.102062 -0.556765 0.824376
-0.0757276 -0.56384 0.822405
-0.0491589 -0.569539 0.820493
-0.0224164 -0.573835 0.818664
0.00443889 -0.576702 0.816943
0.031345 -0.578114 0.815354
0.031345 -0.578114 0.815354
0.0613928 -0.577959 0.813753
0.0911795 -0.576006 0.812344
0.120643 -0.572299 0.811122
0.149725 -0.566882 0.810078
0.178368 -0.5598 0.809203
0.206514 -0.551098 0.808482
0.234111 -0.54082 0.807902
0.261105 -0.529014 0.807446
0.287443 -0.515725 0.807096
0.313075 -0.501002 0.806834
0.337949 -0.484893 0.806641
0.362017 -0.467447 0.806497
0.385229 -0.448718 0.806381
0.407537 -0.428758 0.806276
0.428895 -0.407621 0.80616
0.449258 -0.385364 0.806016
0.46858 -0.362046 0.805826
0.486819 -0.337727 0.805573
0.503934 -0.312469 0.805241
0.519884 -0.286337 0.804818
0.534632 -0.259397 0.80429
0.548143 -0.231716 0.803646
0.560383 -0.203364 0.802879
0.571322 -0.174412 0.80198
0.58093 -0.144933 0.800946
0.589183 -0.115001 0.799774
0.596057 -0.08469 0.798463
0.601533 -0.0540771 0.797016
0.605594 -0.0232385 0.795434
0.608226 0.00774846 0.793726
0.609418 0.0388062 0.791899
0.609164 0.069857 0.789962
0.607457 0.100823 0.787928
0.604298 0.131627 0.78581
0.599688 0.162191 0.783625
0.593631 0.192439 0.781389
0.586136 0.222294 0.779121
0.577213 0.251682 0.77684
0.566876 0.280527 0.774569
0.55514 0.308756 0.772327
0.542025 0.336296 0.770139
0.527553 0.363075 0.768026
0.511748 0.389021 0.766014
0.511748 0.389021 0.766014
0.492385 0.417182 0.763882
0.471562 0.443989 0.761907
0.449358 0.469406 0.760089
0.42585 0.4934 0.758424
0.401116 0.515942 0.756908
0.375231 0.537002 0.755533
0.348273 0.556555 0.754289
0.320315 0.574578 0.753166
0.291433 0.591047 0.75215
0.261704 0.605944 0.751228
0.231203 0.619249 0.750384
0.200006 0.630945 0.749604
0.168191 0.641019 0.74887
0.135834 0.649458 0.748167
0.103014 0.65625 0.747478
0.0698111 0.661389 0.746787
0.0363044 0.664869 0.746077
0.00257483 0.666685 0.745335
-0.0312962 0.666839 0.744544
-0.0652266 0.665333 0.743691
-0.0991339 0.662173 0.742765
-0.132935 0.657367 0.741753
-0.166547 0.650927 0.740646
-0.199887 0.64287 0.739434
-0.232871 0.633214 0.738113
-0.265419 0.621983 0.736675
-0.297446 0.609201 0.735119
-0.328874 0.594899 0.733442
-0.359621 0.579111 0.731644
-0.38961 0.561873 0.729728
-0.418763 0.543226 0.727697
-0.447006 0.523213 0.725557
-0.474266 0.501882 0.723316
-0.500472 0.479284 0.720982
-0.525555 0.455471 0.718567
-0.54945 0.4305 0.716083
-0.572093 0.404432 0.713543
-0.593425 0.377327 0.710964
-0.613389 0.349252 0.708362
-0.63193 0.320273 0.705754
-0.648998 0.29046 0.70316
-0.664545 0.259885 0.700599
-0.678527 0.228623 0.698092
-0.678527 0.228623 0.698092
-0.692464 0.192403 0.695324
-0.704263 0.1557 0.692655
-0.713936 0.118614 0.690091
-0.721496 0.0812397 0.687636
-0.726959 0.0436726 0.685291
-0.730342 0.00600409 0.683055
-0.731667 -0.0316761 0.680926
-0.730956 -0.0692803 0.678899
-0.728233 -0.106722 0.676969
-0.723527 -0.143917 0.675127
-0.716866 -0.180782 0.673365
-0.708281 -0.217234 0.671675
-0.697807 -0.253193 0.670044
-0.685478 -0.288578 0.668462
-0.671335 -0.323311 0.666918
-0.655418 -0.357313 0.665399
-0.637771 -0.390507 0.663892
-0.618441 -0.422818 0.662387
-0.597478 -0.454171 0.66087
-0.574935 -0.484494 0.65933
-0.550868 -0.513715 0.657755
-0.525336 -0.541764 0.656136
-0.498402 -0.568573 0.654461
-0.470132 -0.594078 0.652723
-0.440594 -0.618215 0.650912
-0.409861 -0.640924 0.649022
-0.378007 -0.662148 0.647047
-0.345111 -0.681833 0.644982
-0.311254 -0.699927 0.642824
-0.276519 -0.716384 0.640571
-0.240993 -0.73116 0.638222
-0.204765 -0.744217 0.635778
-0.167924 -0.755519 0.63324
-0.130563 -0.765036 0.630614
-0.0927778 -0.772742 0.627903
-0.0546629 -0.778617 0.625114
-0.0163152 -0.782644 0.622256
0.0221676 -0.784813 0.619336
0.0606872 -0.785118 0.616366
0.0991454 -0.783558 0.613358
0.137444 -0.780138 0.610323
0.175484 -0.774868 0.607276
0.213168 -0.767765 0.604232
0.213168 -0.767765 0.604232
0.25553 -0.757478 0.600776
0.297019 -0.744953 0.597349
0.337542 -0.730258 0.59396
0.377011 -0.713464 0.59062
0.415343 -0.694642 0.587335
0.452458 -0.673867 0.584111
0.488282 -0.651211 0.580952
0.522742 -0.626753 0.57786
0.55577 -0.600568 0.574837
0.587302 -0.572737 0.571881
0.617277 -0.54334 0.568992
0.645635 -0.512457 0.566165
0.672321 -0.480174 0.563398
0.697284 -0.446573 0.560685
0.720473 -0.411742 0.558021
0.741843 -0.375768 0.555398
0.76135 -0.338741 0.552811
0.778955 -0.300752 0.550251
0.794622 -0.261894 0.547711
0.808316 -0.222263 0.545183
0.820009 -0.181954 0.542658
0.829676 -0.141066 0.540128
0.837295 -0.0996969 0.537585
0.842849 -0.0579493 0.535021
0.846324 -0.0159249 0.53243
0.847714 0.026273 0.529803
0.847014 0.0685403 0.527134
0.844226 0.110772 0.524417
0.839356 0.152863 0.521646
0.832416 0.194707 0.518818
0.823425 0.2362 0.515928
0.812403 0.277236 0.512973
0.79938 0.317713 0.509952
0.784389 0.357526 0.506862
0.76747 0.396575 0.503704
0.748668 0.434762 0.500479
0.728033 0.471988 0.497188
0.705621 0.508161 0.493833
0.681495 0.543189 0.49042
0.65572 0.576984 0.486951
0.628368 0.609464 0.483433
0.599516 0.64055 0.479872
0.569245 0.670166 0.476275
0.569245 0.670166 0.476275
0.533405 0.701813 0.472163
0.49608 0.731343 0.46802
0.457387 0.758706 0.463856
0.417443 0.783857 0.459684
0.376366 0.806757 0.455513
0.334273 0.827371 0.451351
0.291282 0.845672 0.447206
0.247508 0.861636 0.443084
0.203067 0.875243 0.43899
0.158075 0.886481 0.434929
0.112647 0.895339 0.430904
0.0668964 0.901813 0.426917
0.0209374 0.905902 0.422969
-0.0251173 0.907611 0.41906
-0.0711551 0.906947 0.415191
-0.117064 0.903925 0.411359
-0.162735 0.89856 0.407564
-0.208055 0.890874 0.403802
-0.252918 0.880895 0.400071
-0.297214 0.868652 0.396368
-0.340838 0.854181 0.392688
-0.383683 0.837523 0.389027
-0.425646 0.818722 0.385381
-0.466626 0.797829 0.381746
-0.506521 0.774896 0.378116
-0.545236 0.749984 0.374488
-0.582675 0.723157 0.370855
-0.618746 0.694484 0.367214
-0.653359 0.664038 0.36356
-0.686431 0.631897 0.359888
-0.717878 0.598144 0.356195
-0.747624 0.562867 0.352476
-0.775596 0.526156 0.348728
-0.801725 0.488108 0.344947
-0.825948 0.448821 0.34113
-0.848208 0.408397 0.337276
-0.868453 0.366944 0.33338
-0.886636 0.324568 0.329443
-0.902718 0.281383 0.325461
-0.916664 0.2375 0.321435
-0.92845 0.193035 0.317362
-0.938053 0.148105 0.313244
-0.945461 0.102827 0.30908
-0.945461 0.102827 0.30908
-0.951072 0.0527198 0.304438
-0.954016 0.00252724 0.299745
-0.954308 -0.0476175 0.295007
-0.951967 -0.0975834 0.290234
-0.947021 -0.147242 0.285431
-0.9395 -0.196466 0.280607
-0.929442 -0.245133 0.275767
-0.916888 -0.293122 0.270918
-0.901885 -0.340314 0.266063
-0.884486 -0.386593 0.261208
-0.864747 -0.431848 0.256357
-0.84273 -0.47597 0.251514
-0.818499 -0.518852 0.246681
-0.792126 -0.560392 0.241862
-0.763685 -0.600491 0.237057
-0.733254 -0.639054 0.23227
-0.700916 -0.675989 0.227501
-0.666757 -0.711208 0.222751
-0.630869 -0.744628 0.218021
-0.593345 -0.77617 0.21331
-0.554283 -0.80576 0.20862
-0.513783 -0.833326 0.203949
-0.471951 -0.858804 0.199296
-0.428892 -0.882133 0.194662
-0.384718 -0.903258 0.190044
-0.339541 -0.92213 0.185442
-0.293475 -0.938704 0.180853
-0.246639 -0.95294 0.176277
-0.199151 -0.964808 0.171712
-0.151132 -0.974279 0.167155
-0.102703 -0.981332 0.162604
-0.0539877 -0.985953 0.158058
-0.00510966 -0.988133 0.153515
0.0438074 -0.987871 0.148972
0.0926397 -0.98517 0.144426
0.141264 -0.98004 0.139876
0.189557 -0.9725 0.13532
0.237398 -0.962572 0.130754
0.284666 -0.950287 0.126176
0.331243 -0.935679 0.121585
0.377013 -0.918791 0.116976
0.421863 -0.899672 0.112349
0.465682 -0.878374 0.107701
0.465682 -0.878374 0.107701
0.509999 -0.854005 0.102846
0.552971 -0.827421 0.0979664
0.594492 -0.798698 0.0930639
0.634459 -0.767915 0.0881402
0.672775 -0.735154 0.0831971
0.709345 -0.700506 0.0782361
0.744081 -0.664061 0.0732588
0.776896 -0.625917 0.0682665
0.807712 -0.586173 0.0632605
0.836454 -0.544933 0.0582423
0.863052 -0.502305 0.053213
0.887441 -0.458397 0.0481737
0.909562 -0.413324 0.0431257
0.929362 -0.367201 0.0380698
0.946793 -0.320145 0.0330071
0.961813 -0.272278 0.0279387
0.974385 -0.22372 0.0228655
0.98448 -0.174595 0.0177883
0.992072 -0.125027 0.0127081
0.997144 -0.0751432 0.00762569
0.999682 -0.0250689 0.00254204
0.999682 0.0250689 -0.00254204
0.997144 0.0751432 -0.00762569
0.992072 0.125027 -0.0127081
0.98448 0.174595 -0.0177883
0.974385 0.22372 -0.0228655
0.961813 0.272278 -0.0279387
0.946793 0.320145 -0.0330071
0.929362 0.367201 -0.0380698
0.909562 0.413324 -0.0431257
0.887441 0.458397 -0.0481737
0.863052 0.502305 -0.053213
0.836454 0.544933 -0.0582423
0.807712 0.586173 -0.0632605
0.776896 0.625917 -0.0682665
0.744081 0.664061 -0.0732588
0.709345 0.700506 -0.0782361
0.672775 0.735154 -0.0831971
0.634459 0.767915 -0.0881402
0.594492 0.798698 -0.0930639
0.552971 0.827421 -0.0979664
0.509999 0.854005 -0.102846
0.465682 0.878374 -0.107701
0.465682 0.878374 -0.107701
0.421863 0.899672 -0.112349
0.377013 0.918791 -0.116976
0.331243 0.935679 -0.121585
0.284666 0.950287 -0.126176
0.237398 0.962572 -0.130754
0.189557 0.9725 -0.13532
0.141264 0.98004 -0.139876
0.0926397 0.98517 -0.144426
0.0438074 0.987871 -0.148972
-0.00510966 0.988133 -0.153515
-0.0539877 0.985953 -0.158058
-0.102703 0.981332 -0.162604
-0.151132 0.974279 -0.167155
-0.199151 0.964808 -0.171712
-0.246639 0.95294 -0.176277
-0.293475 0.938704 -0.180853
-0.339541 0.92213 -0.185442
-0.384718 0.903258 -0.190044
-0.428892 0.882133 -0.194662
-0.471951 0.858804 -0.199296
-0.513783 0.833326 -0.203949
-0.554283 0.80576 -0.20862
-0.593345 0.77617 -0.21331
-0.630869 0.744628 -0.218021
-0.666757 0.711208 -0.222751
-0.700916 0.675989 -0.227501
-0.733254 0.639054 -0.23227
-0.763685 0.600491 -0.237057
-0.792126 0.560392 -0.241862
-0.818499 0.518852 -0.246681
-0.84273 0.47597 -0.251514
-0.864747 0.431848 -0.256357
-0.884486 0.386593 -0.261208
-0.901885 0.340314 -0.266063
-0.916888 0.293122 -0.270918
-0.929442 0.245133 -0.275767
-0.9395 0.196466 -0.280607
-0.947021 0.147242 -0.285431
-0.951967 0.0975834 -0.290234
-0.954308 0.0476175 -0.295007
-0.954016 -0.00252724 -0.299745
-0.951072 -0.0527198 -0.304438
-0.945461 -0.102827 -0.30908
-0.945461 -0.102827 -0.30908
-0.938053 -0.148105 -0.313244
-0.92845 -0.193035 -0.317362
-0.916664 -0.2375 -0.321435
-0.902718 -0.281383 -0.325461
-0.886636 -0.324568 -0.329443
-0.868453 -0.366944 -0.33338
-0.848208 -0.408397 -0.337276
-0.825948 -0.448821 -0.34113
-0.801725 -0.488108 -0.344947
-0.775596 -0.526156 -0.348728
-0.747624 -0.562867 -0.352476
-0.717878 -0.598144 -0.356195
-0.686431 -0.631897 -0.359888
-0.653359 -0.664038 -0.36356
-0.618746 -0.694484 -0.367214
-0.582675 -0.723157 -0.370855
-0.545236 -0.749984 -0.374488
-0.506521 -0.774896 -0.378116
-0.466626 -0.797829 -0.381746
-0.425646 -0.818722 -0.385381
-0.383683 -0.837523 -0.389027
-0.340838 -0.854181 -0.392688
-0.297214 -0.868652 -0.396368
-0.252918 -0.880895 -0.400071
-0.208055 -0.890874 -0.403802
-0.162735 -0.89856 -0.407564
-0.117064 -0.903925 -0.411359
-0.0711551 -0.906947 -0.415191
-0.0251173 -0.907611 -0.41906
0.0209374 -0.905902 -0.422969
0.0668964 -0.901813 -0.426917
0.112647 -0.895339 -0.430904
0.158075 -0.886481 -0.434929
0.203067 -0.875243 -0.43899
0.247508 -0.861636 -0.443084
0.291282 -0.845672 -0.447206
0.334273 -0.827371 -0.451351
0.376366 -0.806757 -0.455513
0.417443 -0.783857 -0.459684
0.457387 -0.758706 -0.463856
0.49608 -0.731343 -0.46802
0.533405 -0.701813 -0.472163
0.569245 -0.670166 -0.476275
0.569245 -0.670166 -0.476275
0.599516 -0.64055 -0.479872
0.628368 -0.609464 -0.483433
0.65572 -0.576984 -0.486951
0.681495 -0.543189 -0.49042
0.705621 -0.508161 -0.493833
0.728033 -0.471988 -0.497188
0.748668 -0.434762 -0.500479
0.76747 -0.396575 -0.503704
0.784389 -0.357526 -0.506862
0.79938 -0.317713 -0.509952
0.812403 -0.277236 -0.512973
0.823425 -0.2362 -0.515928
0.832416 -0.194707 -0.518818
0.839356 -0.152863 -0.521646
0.844226 -0.110772 -0.524417
0.847014 -0.0685403 -0.527134
0.847714 -0.026273 -0.529803
0.846324 0.0159249 -0.53243
0.842849 0.0579493 -0.535021
0.837295 0.0996969 -0.537585
0.829676 0.141066 -0.540128
0.820009 0.181954 -0.542658
0.808316 0.222263 -0.545183
0.794622 0.261894 -0.547711
0.778955 0.300752 -0.550251
0.76135 0.338741 -0.552811
0.741843 0.375768 -0.555398
0.720473 0.411742 -0.558021
0.697284 0.446573 -0.560685
0.672321 0.480174 -0.563398
0.645635 0.512457 -0.566165
0.617277 0.54334 -0.568992
0.587302 0.572737 -0.571881
0.55577 0.600568 -0.574837
0.522742 0.626753 -0.57786
0.488282 0.651211 -0.580952
0.452458 0.673867 -0.584111
0.415343 0.694642 -0.587335
0.377011 0.713464 -0.59062
0.337542 0.730258 -0.59396
0.297019 0.744953 -0.597349
0.25553 0.757478 -0.600776
0.213168 0.767765 -0.604232
0.213168 0.767765 -0.604232
0.175484 0.774868 -0.607276
0.137444 0.780138 -0.610323
0.0991454 0.783558 -0.613358
0.0606872 0.785118 -0.616366
0.0221676 0.784813 -0.619336
-0.0163152 0.782644 -0.622256
-0.0546629 0.778617 -0.625114
-0.0927778 0.772742 -0.627903
-0.130563 0.765036 -0.630614
-0.167924 0.755519 -0.63324
-0.204765 0.744217 -0.635778
-0.240993 0.73116 -0.638222
-0.276519 0.716384 -0.640571
-0.311254 0.699927 -0.642824
-0.345111 0.681833 -0.644982
-0.378007 0.662148 -0.647047
-0.409861 0.640924 -0.649022
-0.440594 0.618215 -0.650912
-0.470132 0.594078 -0.652723
-0.498402 0.568573 -0.654461
-0.525336 0.541764 -0.656136
-0.550868 0.513715 -0.657755
-0.574935 0.484494 -0.65933
-0.597478 0.454171 -0.66087
-0.618441 0.422818 -0.662387
-0.637771 0.390507 -0.663892
-0.655418 0.357313 -0.665399
-0.671335 0.323311 -0.666918
-0.685478 0.288578 -0.668462
-0.697807 0.253193 -0.670044
-0.708281 0.217234 -0.671675
-0.716866 0.180782 -0.673365
-0.723527 0.143917 -0.675127
-0.728233 0.106722 -0.676969
-0.730956 0.0692803 -0.678899
-0.731667 0.0316761 -0.680926
-0.730342 -0.00600409 -0.683055
-0.726959 -0.0436726 -0.685291
-0.721496 -0.0812397 -0.687636
-0.713936 -0.118614 -0.690091
-0.704263 -0.1557 -0.692655
-0.692464 -0.192403 -0.695324
-0.678527 -0.228623 -0.698092
-0.678527 -0.228623 -0.698092
-0.664545 -0.259885 -0.700599
-0.648998 -0.29046 -0.70316
-0.63193 -0.320273 -0.705754
-0.613389 -0.349252 -0.708362
-0.593425 -0.377327 -0.710964
-0.572093 -0.404432 -0.713543
-0.54945 -0.4305 -0.716083
-0.525555 -0.455471 -0.718567
-0.500472 -0.479284 -0.720982
-0.474266 -0.501882 -0.723316
-0.447006 -0.523213 -0.725557
-0.418763 -0.543226 -0.727697
-0.38961 -0.561873 -0.729728
-0.359621 -0.579111 -0.731644
-0.328874 -0.594899 -0.733442
-0.297446 -0.609201 -0.735119
-0.265419 -0.621983 -0.736675
-0.232871 -0.633214 -0.738113
-0.199887 -0.64287 -0.739434
-0.166547 -0.650927 -0.740646
-0.132935 -0.657367 -0.741753
-0.0991339 -0.662173 -0.742765
-0.0652266 -0.665333 -0.743691
-0.0312962 -0.666839 -0.744544
0.00257483 -0.666685 -0.745335
0.0363044 -0.664869 -0.746077
0.0698111 -0.661389 -0.746787
0.103014 -0.65625 -0.747478
0.135834 -0.649458 -0.748167
0.168191 -0.641019 -0.74887
0.200006 -0.630945 -0.749604
0.231203 -0.619249 -0.750384
0.261704 -0.605944 -0.751228
0.291433 -0.591047 -0.75215
0.320315 -0.574578 -0.753166
0.348273 -0.556555 -0.754289
0.375231 -0.537002 -0.755533
0.401116 -0.515942 -0.756908
0.42585 -0.4934 -0.758424
0.449358 -0.469406 -0.760089
0.471562 -0.443989 -0.761907
0.492385 -0.417182 -0.763882
0.511748 -0.389021 -0.766014
0.511748 -0.389021 -0.766014
0.527553 -0.363075 -0.768026
0.542025 -0.336296 -0.770139
0.55514 -0.308756 -0.772327
0.566876 -0.280527 -0.774569
0.577213 -0.251682 -0.77684
0.586136 -0.222294 -0.779121
0.593631 -0.192439 -0.781389
0.599688 -0.162191 -0.783625
0.604298 -0.131627 -0.78581
0.607457 -0.100823 -0.787928
0.609164 -0.069857 -0.789962
0.609418 -0.0388062 -0.791899
0.608226 -0.00774846 -0.793726
0.605594 0.0232385 -0.795434
0.601533 0.0540771 -0.797016
0.596057 0.08469 -0.798463
0.589183 0.115001 -0.799774
0.58093 0.144933 -0.800946
0.571322 0.174412 -0.80198
0.560383 0.203364 -0.802879
0.548143 0.231716 -0.803646
0.534632 0.259397 -0.80429
0.519884 0.286337 -0.804818
0.503934 0.312469 -0.805241
0.486819 0.337727 -0.805573
0.46858 0.362046 -0.805826
0.449258 0.385364 -0.806016
0.428895 0.407621 -0.80616
0.407537 0.428758 -0.806276
0.385229 0.448718 -0.806381
0.362017 0.467447 -0.806497
0.337949 0.484893 -0.806641
0.313075 0.501002 -0.806834
0.287443 0.515725 -0.807096
0.261105 0.529014 -0.807446
0.234111 0.54082 -0.807902
0.206514 0.551098 -0.808482
0.178368 0.5598 -0.809203
0.149725 0.566882 -0.810078
0.120643 0.572299 -0.811122
0.0911795 0.576006 -0.812344
0.0613928 0.577959 -0.813753
0.031345 0.578114 -0.815354
0.031345 0.578114 -0.815354
0.00443889 0.576702 -0.816943
-0.0224164 0.573835 -0.818664
-0.0491589 0.569539 -0.820493
-0.0757276 0.56384 -0.822405
-0.102062 0.556765 -0.824376
-0.128102 0.548345 -0.826382
-0.153788 0.53861 -0.828401
-0.179062 0.527596 -0.830409
-0.203866 0.515338 -0.832385
-0.228142 0.501874 -0.83431
-0.251835 0.487244 -0.836165
-0.274888 0.471492 -0.837933
-0.297248 0.454661 -0.8396
-0.318861 0.436799 -0.841151
-0.339676 0.417954 -0.842576
-0.359643 0.398178 -0.843867
-0.378713 0.377523 -0.845017
-0.39684 0.356044 -0.84602
-0.413979 0.333798 -0.846877
-0.430088 0.310841 -0.847586
-0.445125 0.287234 -0.848151
-0.459053 0.263037 -0.848577
-0.471834 0.23831 -0.84887
-0.483436 0.213116 -0.849041
-0.493826 0.187518 -0.849101
-0.502974 0.161579 -0.849064
-0.510855 0.135362 -0.848943
-0.517441 0.108931 -0.848757
-0.522711 0.0823501 -0.848523
-0.526642 0.0556823 -0.848261
-0.529216 0.0289911 -0.847991
-0.530415 0.00233994 -0.847735
-0.530223 -0.0242083 -0.847512
-0.528625 -0.0505909 -0.847346
-0.525608 -0.0767451 -0.847258
-0.521159 -0.102609 -0.847269
-0.515267 -0.128119 -0.847399
-0.507922 -0.153213 -0.847668
-0.499114 -0.177827 -0.848094
-0.488834 -0.201899 -0.848692
-0.477074 -0.225364 -0.849477
-0.463826 -0.248155 -0.850461
-0.449085 -0.270205 -0.851652
-0.449085 -0.270205 -0.851652
-0.434578 -0.289308 -0.852902
-0.418972 -0.307619 -0.854302
-0.40232 -0.325108 -0.855829
-0.384675 -0.341748 -0.857458
-0.366091 -0.357512 -0.859164
-0.346623 -0.372375 -0.860924
-0.326325 -0.386313 -0.862713
-0.305255 -0.399303 -0.864509
-0.283472 -0.411323 -0.86629
-0.261032 -0.422352 -0.868033
-0.237997 -0.432373 -0.869719
-0.214427 -0.441366 -0.87133
-0.190385 -0.449318 -0.87285
-0.165934 -0.456213 -0.874263
-0.141137 -0.462039 -0.875557
-0.11606 -0.466786 -0.876722
-0.0907667 -0.470446 -0.877748
-0.0653239 -0.473013 -0.878631
-0.0397976 -0.474481 -0.879366
-0.014254 -0.474849 -0.879952
0.0112406 -0.474116 -0.88039
0.0366199 -0.472285 -0.880685
0.0618183 -0.469359 -0.880841
0.0867702 -0.465343 -0.880867
0.111411 -0.460246 -0.880773
0.135676 -0.454076 -0.880572
0.159503 -0.446844 -0.880278
0.18283 -0.438563 -0.879907
0.205594 -0.429247 -0.879476
0.227735 -0.418912 -0.879005
0.249195 -0.407573 -0.878514
0.269915 -0.395247 -0.878023
0.289838 -0.381955 -0.877556
0.308908 -0.367713 -0.877133
0.327068 -0.352544 -0.876778
0.344264 -0.336466 -0.876512
0.360441 -0.319502 -0.876356
0.375546 -0.301673 -0.876332
0.389525 -0.283002 -0.876459
0.402323 -0.263512 -0.876754
0.413886 -0.243226 -0.877234
0.424159 -0.222169 -0.877912
0.433087 -0.200368 -0.878799
0.433087 -0.200368 -0.878799
0.439962 -0.180022 -0.879787
0.445648 -0.159235 -0.880933
0.450156 -0.13806 -0.882213
0.453496 -0.11655 -0.883605
0.455681 -0.0947591 -0.885085
0.456724 -0.0727411 -0.88663
0.456637 -0.0505495 -0.888216
0.455437 -0.028238 -0.88982
0.453138 -0.00586073 -0.891421
0.44976 0.0165281 -0.892996
0.445321 0.038874 -0.894527
0.43984 0.0611227 -0.895994
0.433342 0.0832195 -0.897379
0.425848 0.10511 -0.898669
0.417384 0.12674 -0.899849
0.407977 0.148055 -0.900908
0.397655 0.169002 -0.901836
0.386449 0.189528 -0.902628
0.374389 0.20958 -0.903277
0.36151 0.229106 -0.903782
0.347844 0.248056 -0.904142
0.33343 0.26638 -0.90436
0.318302 0.284028 -0.90444
0.3025 0.300954 -0.90439
0.286062 0.317111 -0.904217
0.269029 0.332455 -0.903934
0.251441 0.346941 -0.903554
0.23334 0.360527 -0.903091
0.214767 0.373173 -0.902561
0.195766 0.384839 -0.901984
0.176378 0.395486 -0.901378
0.156646 0.405078 -0.900763
0.136614 0.413578 -0.900161
0.116325 0.420953 -0.899593
0.0958208 0.427167 -0.899081
0.0751456 0.432188 -0.898647
0.0543426 0.435983 -0.898312
0.0334553 0.438521 -0.898098
0.0125274 0.439769 -0.898024
-0.00839688 0.439696 -0.898107
-0.0292729 0.438271 -0.898366
-0.0500551 0.435463 -0.898814
-0.070697 0.43124 -0.899463
-0.070697 0.43124 -0.899463
-0.0893517 0.426134 -0.900237
-0.107731 0.419873 -0.901166
-0.125801 0.412494 -0.902232
-0.143529 0.404035 -0.903413
-0.160884 0.394536 -0.904686
-0.177833 0.384037 -0.906031
-0.194345 0.372576 -0.907424
-0.210388 0.360195 -0.908844
-0.225933 0.346935 -0.910269
-0.240948 0.33284 -0.911681
-0.255404 0.317953 -0.913058
-0.269272 0.302318 -0.914383
-0.282522 0.285982 -0.915639
-0.295127 0.268992 -0.916812
-0.307059 0.251394 -0.917886
-0.318293 0.233239 -0.918852
-0.328802 0.214575 -0.919699
-0.338562 0.195454 -0.92042
-0.347551 0.175927 -0.921009
-0.355745 0.156046 -0.921464
-0.363124 0.135864 -0.921782
-0.369668 0.115435 -0.921965
-0.37536 0.0948111 -0.922017
-0.380181 0.0740469 -0.921943
-0.384117 0.0531963 -0.921751
-0.387152 0.0323132 -0.92145
-0.389274 0.0114515 -0.921051
-0.39047 -0.00933514 -0.920568
-0.39073 -0.0299934 -0.920016
-0.390044 -0.0504702 -0.919412
-0.388404 -0.070713 -0.918772
-0.385802 -0.0906696 -0.918115
-0.382231 -0.110288 -0.917462
-0.377684 -0.129518 -0.916831
-0.372157 -0.148307 -0.916245
-0.365645 -0.166605 -0.915722
-0.358143 -0.184363 -0.915284
-0.349647 -0.201529 -0.91495
-0.340154 -0.218055 -0.914739
-0.32966 -0.233889 -0.914669
-0.318163 -0.248981 -0.914757
-0.30566 -0.263281 -0.915017
-0.292148 -0.276735 -0.91546
-0.292148 -0.276735 -0.91546
-0.278862 -0.288298 -0.916035
-0.264818 -0.299046 -0.916757
-0.250061 -0.308977 -0.917607
-0.234639 -0.318086 -0.918567
-0.218598 -0.326371 -0.919618
-0.201985 -0.33383 -0.920739
-0.184849 -0.34046 -0.92191
-0.167236 -0.346261 -0.923112
-0.149195 -0.351232 -0.924325
-0.130774 -0.355372 -0.925532
-0.112022 -0.358683 -0.926713
-0.09299 -0.361166 -0.927854
-0.0737264 -0.362822 -0.928937
-0.0542822 -0.363657 -0.92995
-0.034708 -0.363673 -0.93088
-0.0150551 -0.362876 -0.931716
0.00462547 -0.361273 -0.932449
0.0242821 -0.358871 -0.933071
0.0438632 -0.355679 -0.933578
0.0633174 -0.351705 -0.933967
0.0825934 -0.346962 -0.934236
0.10164 -0.34146 -0.934385
0.120406 -0.335212 -0.934417
0.138842 -0.328233 -0.934337
0.156897 -0.320537 -0.934152
0.174523 -0.312139 -0.933869
0.19167 -0.303056 -0.933499
0.208291 -0.293306 -0.933052
0.224337 -0.282905 -0.932543
0.239763 -0.271874 -0.931986
0.254523 -0.260229 -0.931396
0.268572 -0.247991 -0.93079
0.281864 -0.23518 -0.930184
0.294357 -0.221816 -0.929598
0.306006 -0.207918 -0.929048
0.31677 -0.193508 -0.928553
0.326605 -0.178607 -0.928132
0.335469 -0.163235 -0.927801
0.343321 -0.147413 -0.927577
0.350119 -0.131164 -0.927477
0.355819 -0.114508 -0.927513
0.36038 -0.0974694 -0.927699
0.363759 -0.0800696 -0.928045
0.363759 -0.0800696 -0.928045
0.365797 -0.0637091 -0.928512
0.366795 -0.047159 -0.929106
0.366775 -0.0304597 -0.929811
0.365762 -0.0136516 -0.930608
0.363779 0.00322539 -0.93148
0.360849 0.0201312 -0.932407
0.356998 0.0370258 -0.933371
0.352251 0.0538692 -0.934354
0.346633 0.0706214 -0.935339
0.340172 0.0872423 -0.936308
0.332894 0.103692 -0.937246
0.324829 0.119931 -0.938138
0.316005 0.135918 -0.938971
0.306453 0.151615 -0.939734
0.296204 0.166982 -0.940415
0.285289 0.18198 -0.941007
0.273741 0.19657 -0.941502
0.261595 0.210714 -0.941896
0.248885 0.224375 -0.942185
0.235645 0.237514 -0.942369
0.221912 0.250097 -0.942447
0.207722 0.262086 -0.942424
0.193112 0.273447 -0.942303
0.17812 0.284147 -0.94209
0.162784 0.294151 -0.941794
0.147142 0.303427 -0.941425
0.131233 0.311944 -0.940994
0.115094 0.31967 -0.940513
0.0987652 0.326577 -0.939996
0.0822847 0.332634 -0.939459
0.0656914 0.337813 -0.938918
0.0490237 0.342086 -0.938389
0.0323204 0.345427 -0.937889
0.0156197 0.347808 -0.937436
-0.00103981 0.349203 -0.937046
-0.0176199 0.349587 -0.936738
-0.0340821 0.348932 -0.936528
-0.0503881 0.347214 -0.936431
-0.0664991 0.344407 -0.936462
-0.0823763 0.340486 -0.936634
-0.09798 0.335425 -0.936958
-0.11327 0.329197 -0.937443
-0.128206 0.321777 -0.938095
-0.128206 0.321777 -0.938095
-0.141711 0.313808 -0.938852
-0.154799 0.304853 -0.939735
-0.167452 0.294961 -0.940722
-0.179654 0.284178 -0.941789
-0.191385 0.272554 -0.942914
-0.202629 0.260137 -0.944071
-0.21337 0.246976 -0.945238
-0.223591 0.233122 -0.946394
-0.233276 0.218625 -0.947515
-0.24241 0.203537 -0.948583
-0.250978 0.187909 -0.949579
-0.258965 0.171796 -0.950486
-0.266358 0.15525 -0.951289
-0.273144 0.138327 -0.951976
-0.279311 0.121081 -0.952536
-0.284849 0.103567 -0.952961
-0.289747 0.0858436 -0.953246
-0.293996 0.0679655 -0.953387
-0.297587 0.0499899 -0.953385
-0.300515 0.0319736 -0.953241
-0.302773 0.0139736 -0.95296
-0.304356 -0.00395322 -0.95255
-0.30526 -0.0217504 -0.952021
-0.305483 -0.0393616 -0.951384
-0.305022 -0.0567309 -0.950654
-0.303877 -0.0738031 -0.949848
-0.302048 -0.0905233 -0.948985
-0.299535 -0.106837 -0.948085
-0.29634 -0.122692 -0.947169
-0.292465 -0.138034 -0.946261
-0.287912 -0.152812 -0.945386
-0.282684 -0.166975 -0.944568
-0.276784 -0.18047 -0.943833
-0.270215 -0.193248 -0.943207
-0.262981 -0.205259 -0.942714
-0.255086 -0.216454 -0.942379
-0.246532 -0.226782 -0.942227
-0.237322 -0.236195 -0.942279
-0.22746 -0.244641 -0.942556
-0.216949 -0.252072 -0.943076
-0.205791 -0.258437 -0.943854
-0.193989 -0.263682 -0.944902
-0.181545 -0.267757 -0.946228
-0.181545 -0.267757 -0.946228
-0.169379 -0.270458 -0.947715
-0.156746 -0.272105 -0.949415
-0.143683 -0.272738 -0.951299
-0.130226 -0.2724 -0.953331
-0.116412 -0.271129 -0.955478
-0.102278 -0.268968 -0.957703
-0.0878599 -0.265957 -0.959973
-0.073196 -0.262139 -0.96225
-0.0583234 -0.257556 -0.964502
-0.0432801 -0.25225 -0.966694
-0.0281047 -0.246267 -0.968794
-0.0128359 -0.239651 -0.970774
0.00248692 -0.232447 -0.972606
0.0178241 -0.224704 -0.974264
0.0331357 -0.216468 -0.975727
0.0483818 -0.207789 -0.976976
0.0635223 -0.198717 -0.977996
0.0785172 -0.189302 -0.978775
0.0933268 -0.179597 -0.979303
0.107912 -0.169653 -0.979578
0.122233 -0.159525 -0.979597
0.136253 -0.149265 -0.979365
0.149934 -0.138929 -0.978886
0.163239 -0.128571 -0.978173
0.176133 -0.118246 -0.977238
0.188581 -0.108009 -0.9761
0.20055 -0.0979159 -0.974778
0.212007 -0.088021 -0.973296
0.222922 -0.0783795 -0.97168
0.233263 -0.0690462 -0.969959
0.243002 -0.0600756 -0.968164
0.252112 -0.0515216 -0.966326
0.260565 -0.043438 -0.964479
0.268334 -0.0358781 -0.962658
0.275394 -0.0288946 -0.960897
0.28172 -0.0225399 -0.959232
0.287287 -0.0168661 -0.957696
0.292069 -0.0119249 -0.956323
0.296042 -0.00776772 -0.955143
0.29918 -0.00444566 -0.954186
0.301456 -0.00200975 -0.953478
0.302843 -0.000510914 -0.95304
0.303312 -3.71451e-16 -0.952891
